27.474560 4.646777 99.275525 8.003045 14.768880 7.964467 28.056648 44.845541 49.824784 89.400188 
1.567464 27.465022 97.141876 22.127815 41.649511 25.613701 36.341932 27.184712 41.596678 25.624293 
30.285047 46.126965 45.116697 28.539094 7.635324 82.174153 96.523875 39.174170 37.362244 96.970145 
47.736865 64.836804 1.616920 47.012387 72.839848 16.385800 54.976855 0.896494 61.231341 4.801637 
90.296683 62.798805 32.266659 87.438557 84.926620 73.916170 13.052255 21.268549 1.100879 54.648933 
46.892842 31.385926 0.775895 92.009540 59.925021 8.411219 74.183690 56.448893 47.585389 11.545932 
53.419036 95.322254 76.382735 55.035956 42.334639 49.222582 71.421756 97.311494 50.119076 32.653095 
2.113129 40.415757 95.451899 34.379788 27.854311 80.378517 8.295955 40.906566 1.647064 9.396834 
95.555499 48.539906 40.782761 96.331394 40.549444 0.707779 4.742611 14.733132 57.156672 52.328000 
26.279063 10.575706 47.650252 2.661797 65.611662 89.984891 51.884378 37.033415 87.296383 2.003452 
