70.097638 80.967637 8.879546 12.147919 34.830676 42.196201 69.980551 6.638434 58.748237 64.296632 
99.060330 29.571829 27.133672 6.965599 94.963940 38.217523 32.271010 98.836553 84.252209 27.531420 
59.662668 55.642035 84.790802 18.462368 39.746975 88.976297 85.048063 31.772984 10.296810 4.490049 
64.499119 80.394448 85.457686 73.378665 92.542367 20.288360 15.574864 62.522916 26.926793 74.323101 
26.819546 25.987121 3.894927 53.953218 32.952720 98.858867 92.170741 65.223730 97.695418 76.422948 
92.755150 57.358084 32.064981 77.545950 75.820451 71.811955 66.522245 60.868512 3.584938 76.819055 
65.358561 68.084057 57.213501 50.816245 41.462720 49.755866 71.104604 57.037584 12.278780 98.031398 
31.360683 39.098326 24.018517 35.255610 93.051544 56.971237 34.114475 85.222283 22.194965 31.809892 
61.645229 14.950113 89.167975 93.710210 92.496064 64.988425 65.522163 59.018307 25.856935 69.107101 
35.837359 91.215496 37.191155 93.050860 42.031739 78.653876 42.806724 13.136341 35.691458 55.085504 
